0 0.86 0.12017543859649123 0.122 0.11403508771929825
0 0.163 0.12543859649122807 0.062 0.06140350877192983
1 0.8695 0.5140350877192983 0.199 0.47017543859649125
1 0.405 0.3043859649122807 0.1 0.2789473684210526
1 0.1915 0.2947368421052632 0.091 0.2
1 0.049 0.25263157894736843 0.084 0.19649122807017544
3 0.3755 0.7649122807017544 0.057 0.15789473684210525
3 0.4385 0.8228070175438597 0.043000000000000003 0.18947368421052632
3 0.183 0.6614035087719299 0.07 0.07719298245614035
3 0.0805 0.5842105263157895 0.067 0.06315789473684211
