0 0.3146067415730337 0.07 0.09488139825218476 0.13333333333333333
0 0.15043695380774033 0.27666666666666667 0.07615480649188515 0.07666666666666667
0 0.7771535580524345 0.18083333333333335 0.06367041198501873 0.10500000000000001
1 0.7546816479400749 0.3891666666666667 0.13358302122347065 0.26166666666666666
1 0.28901373283395754 0.42583333333333334 0.2034956304619226 0.4916666666666667
1 0.16104868913857678 0.44833333333333336 0.0898876404494382 0.2066666666666667
3 0.22159800249687892 0.8008333333333334 0.04369538077403246 0.165
3 0.365792759051186 0.8091666666666667 0.052434456928838954 0.18500000000000003
3 0.684769038701623 0.7716666666666667 0.07116104868913858 0.04666666666666667
3 0.10986267166042447 0.7258333333333333 0.03495630461922597 0.09833333333333334
