1 0.2703030303030303 0.5318181818181819 0.1503030303030303 0.27454545454545454
1 0.4812121212121212 0.52 0.16484848484848486 0.29818181818181816
1 0.7957575757575758 0.51 0.22181818181818183 0.2636363636363636
3 0.8842424242424243 0.9190909090909091 0.05454545454545454 0.10727272727272727
3 0.6884848484848485 0.9045454545454545 0.09696969696969697 0.07454545454545454
3 0.603030303030303 0.9181818181818182 0.06666666666666667 0.08
3 0.4636363636363636 0.9109090909090909 0.0496969696969697 0.07272727272727272
3 0.1696969696969697 0.9172727272727272 0.07272727272727272 0.06363636363636363
3 0.3787878787878788 0.9109090909090909 0.052121212121212124 0.08727272727272728
0 0.2545454545454545 0.33090909090909093 0.09212121212121212 0.10545454545454545
0 0.4581818181818182 0.62 0.10909090909090909 0.09090909090909091
0 0.6151515151515151 0.67 0.07636363636363637 0.10363636363636364
