0 0.21484375 0.31212121212121213 0.0703125 0.06666666666666667
0 0.380859375 0.26666666666666666 0.06640625 0.07878787878787878
0 0.4501953125 0.2818181818181818 0.064453125 0.07272727272727272
0 0.619140625 0.21666666666666667 0.0703125 0.07575757575757576
1 0.2255859375 0.5212121212121212 0.115234375 0.2606060606060606
1 0.369140625 0.4636363636363636 0.09375 0.24848484848484848
1 0.4599609375 0.48484848484848486 0.138671875 0.2545454545454545
1 0.6279296875 0.4287878787878788 0.142578125 0.25757575757575757
1 0.7939453125 0.4106060606060606 0.126953125 0.22727272727272727
3 0.25 0.9075757575757576 0.12109375 0.10606060606060606
3 0.3994140625 0.9348484848484848 0.044921875 0.06363636363636363
3 0.4775390625 0.896969696969697 0.087890625 0.15151515151515152
3 0.65234375 0.9196969696969697 0.125 0.10606060606060606
3 0.8193359375 0.8984848484848484 0.111328125 0.09393939393939393
