3 0.4027777777777778 0.7791666666666667 0.19074074074074074 0.20277777777777778
3 0.8277777777777778 0.6166666666666667 0.07777777777777778 0.061111111111111116
3 0.7546296296296297 0.6069444444444445 0.053703703703703705 0.04166666666666667
0 0.600925925925926 0.34861111111111115 0.08333333333333334 0.1638888888888889
0 0.8175925925925926 0.25833333333333336 0.0462962962962963 0.06666666666666667
0 0.17962962962962964 0.2972222222222222 0.05185185185185186 0.061111111111111116
0 0.2555555555555556 0.3472222222222222 0.044444444444444446 0.044444444444444446
2 0.5685185185185185 0.4166666666666667 0.044444444444444446 0.08888888888888889
2 0.8157407407407408 0.2972222222222222 0.02777777777777778 0.02777777777777778
1 0.1638888888888889 0.43333333333333335 0.07592592592592592 0.2
1 0.24722222222222223 0.4444444444444445 0.07962962962962963 0.15555555555555556
1 0.41481481481481486 0.3736111111111111 0.27037037037037037 0.25277777777777777
1 0.7592592592592593 0.40555555555555556 0.07037037037037037 0.16111111111111112
1 0.8212962962962963 0.3861111111111111 0.07962962962962963 0.17222222222222222
