0 0.26083333333333336 0.24763033175355453 0.15166666666666667 0.1255924170616114
0 0.6191666666666668 0.3601895734597157 0.14166666666666666 0.09478672985781991
0 0.385 0.29976303317535546 0.08333333333333334 0.08767772511848342
1 0.6383333333333334 0.7594786729857821 0.19666666666666668 0.4620853080568721
1 0.9275000000000001 0.6646919431279621 0.14500000000000002 0.4383886255924171
1 0.25916666666666666 0.6184834123222749 0.20833333333333334 0.4265402843601896
1 0.4 0.5308056872037915 0.14 0.28909952606635075
2 0.3975 0.38151658767772517 0.055 0.06635071090047394
2 0.5858333333333333 0.46445497630331756 0.055 0.09004739336492892
2 0.9333333333333333 0.4123222748815166 0.06666666666666667 0.09004739336492892
