1 0.25057471264367814 0.36592178770949724 0.16091954022988506 0.30726256983240224
1 0.4471264367816092 0.33379888268156427 0.15402298850574714 0.32122905027932963
1 0.6149425287356322 0.4581005586592179 0.1586206896551724 0.3240223463687151
1 0.7689655172413793 0.3575418994413408 0.18160919540229886 0.30726256983240224
3 0.2264367816091954 0.8491620111731844 0.14022988505747125 0.111731843575419
3 0.42873563218390803 0.8687150837988827 0.06666666666666667 0.0782122905027933
3 0.639080459770115 0.9567039106145252 0.19770114942528735 0.06983240223463687
3 0.7954022988505747 0.8687150837988827 0.1425287356321839 0.0782122905027933
0 0.2517241379310345 0.10893854748603353 0.08505747126436781 0.07262569832402235
0 0.46091954022988507 0.07541899441340782 0.0896551724137931 0.0893854748603352
0 0.6218390804597701 0.1871508379888268 0.09425287356321839 0.0782122905027933
0 0.8942528735632184 0.5935754189944135 0.1103448275862069 0.12569832402234637
